Za red funckije n = 1

x = 4.493409457909
x = 7.725251836937


Za red funckije n = 2

x = 5.763459196895
x = 9.095011330476